i, t, x, y, v_x, v_y
0, 0.000000, 0.100000, 0.000000, 0.000000, 0.100000
1, 0.005000, 0.100501, 0.000501, 0.000501, 0.100000
誤差:0.000025
2, 0.010000, 0.101002, 0.001002, 0.001002, 0.099998
誤差:0.000051
3, 0.015000, 0.101504, 0.001504, 0.001504, 0.099993
誤差:0.000076
4, 0.020000, 0.102005, 0.002005, 0.002005, 0.099985
誤差:0.000102
5, 0.025000, 0.102506, 0.002506, 0.002506, 0.099975
誤差:0.000128
6, 0.030000, 0.103007, 0.003007, 0.003007, 0.099963
誤差:0.000155
7, 0.035000, 0.103508, 0.003508, 0.003508, 0.099948
誤差:0.000181
8, 0.040000, 0.104009, 0.004009, 0.004009, 0.099930
誤差:0.000208
9, 0.045000, 0.104510, 0.004510, 0.004510, 0.099910
誤差:0.000235
10, 0.050000, 0.105011, 0.005011, 0.005011, 0.099888
誤差:0.000263
