1.000000 0.960000 0.840000 0.640000 3.440000 
0.960000 0.921400 0.440600 0.222200 2.544200 
0.840000 0.440600 1.000000 0.344400 2.625000 
0.640000 0.222200 0.344400 1.000000 2.206600 

第1列の掃き出し
1.000000 0.960000 0.840000 0.640000 3.440000 
0.000000 -0.000200 -0.365800 -0.392200 -0.758200 
0.000000 -0.365800 0.294400 -0.193200 -0.264600 
0.000000 -0.392200 -0.193200 0.590400 0.005000 

第2列の掃き出し
1.000000 0.960000 0.840000 0.640000 3.440000 
0.000000 -0.000200 -0.365800 -0.392200 -0.758200 
0.000000 0.000000 669.342600 717.140600 1386.483200 
0.000000 0.000000 717.140600 769.694600 1486.835200 

第3列の掃き出し
1.000000 0.960000 0.840000 0.640000 3.440000 
0.000000 -0.000200 -0.365800 -0.392200 -0.758200 
0.000000 0.000000 669.342600 717.140600 1386.483200 
0.000000 0.000000 0.000000 1.342727 1.342727 

結果
x[1] = 1.000000
x[2] = 1.000000
x[3] = 1.000000
x[4] = 1.000000
