1.000000 2.000000 1.000000 5.000000 20.500000 
8.000000 1.000000 3.000000 1.000000 14.500000 
1.000000 7.000000 1.000000 1.000000 18.500000 
1.000000 1.000000 6.000000 1.000000 9.000000 

第1列の掃き出し
1.000000 2.000000 1.000000 5.000000 20.500000 
0.000000 -15.000000 -5.000000 -39.000000 -149.500000 
0.000000 5.000000 0.000000 -4.000000 -2.000000 
0.000000 -1.000000 5.000000 -4.000000 -11.500000 

第2列の掃き出し
1.000000 2.000000 1.000000 5.000000 20.500000 
0.000000 -15.000000 -5.000000 -39.000000 -149.500000 
0.000000 0.000000 -1.666667 -17.000000 -51.833333 
0.000000 0.000000 5.333333 -1.400000 -1.533333 

第3列の掃き出し
1.000000 2.000000 1.000000 5.000000 20.500000 
0.000000 -15.000000 -5.000000 -39.000000 -149.500000 
0.000000 0.000000 -1.666667 -17.000000 -51.833333 
0.000000 0.000000 0.000000 -55.800000 -167.400000 

結果
x[1] = 1.000000
x[2] = 2.000000
x[3] = 0.500000
x[4] = 3.000000
