STEP, bunsan
500, 3091.340000
1000, 11463.898000
1500, 26258.353800
2000, 46493.031380
2500, 71557.331138
3000, 94939.401114
3500, 118096.692111
4000, 165836.233211
4500, 217854.507321
5000, 267024.838732
一次近似
a = 57.651130
b = -56279.044088

10.000000 27500.000000 96250000.000000 1022615.626808
27500.000000 96250000.000000 378125000000.000000 4001247524.486351
96250000.000000 378125000000.000000 1583312500000000.000000 16746217035504.652344

第1列の掃き出し
10.000000 27500.000000 96250000.000000 1022615.626808
0.000000 20625000.000000 113437500000.000000 1189054550.765607
0.000000 113437500000.000000 656906250000000.000000 6903541627482.048828

第2列の掃き出し
10.000000 27500.000000 96250000.000000 1022615.626808
0.000000 20625000.000000 113437500000.000000 1189054550.765607
0.000000 0.000000 33000000000000.000000 363741598271.208008

二次近似
x^0 = 4344.555624
x^1 = -2.972470
x^2 = 0.011022
