STEP, bunsan
500, -1292039.572000
1000, -17521748.637200
1500, -85962996.179720
2000, -271856508.621972
2500, -661073320.182197
3000, -1375414664.946219
3500, -2555708081.218623
4000, -4377754633.161863
4500, -7035324404.184189
5000, -10746941452.346424
一次近似
a = -2119519.000621
b = 3115792266.803739

10.000000 27500.000000 96250000.000000 -27128849849.050407
27500.000000 96250000.000000 378125000000.000000 -118319416472704.468750
96250000.000000 378125000000.000000 1583312500000000.000000 -530299481388985536.0

第1列の掃き出し
10.000000 27500.000000 96250000.000000 -27128849849.050407
0.000000 20625000.000000 113437500000.000000 -43715079387815.843750
0.000000 113437500000.000000 656906250000000.000000 -269184301591875360.000000

第2列の掃き出し
10.000000 27500.000000 96250000.000000 -27128849849.050407
0.000000 20625000.000000 113437500000.000000 -43715079387815.843750
0.000000 0.000000 33000000000000.000000 -28751364958888224.000000

二次近似
x^0 = -1676101893.010965
x^1 = 2672375.159193
x^2 = -871.253484
