1.000000 0.960000 0.840000 0.640000 3.440000 
0.960000 0.921400 0.440600 0.222200 2.544200 
0.840000 0.440600 1.000000 0.344400 2.625000 
0.640000 0.222200 0.344400 1.000000 2.206600 

第1列の掃き出し
1.000000 0.960000 0.840000 0.640000 3.440000 
0.000000 -0.000200 -0.365800 -0.392200 -0.758200 
0.000000 -0.365800 0.294400 -0.193200 -0.264600 
0.000000 -0.392200 -0.193200 0.590400 0.005000 

第2列の掃き出し
1.000000 0.960000 0.840000 0.640000 3.440000 
0.000000 -0.000200 -0.365800 -0.392200 -0.758200 
0.000000 0.000000 669.430725 717.235229 1386.666016 
0.000000 0.000000 717.235229 769.796082 1487.031372 

第3列の掃き出し
1.000000 0.960000 0.840000 0.640000 3.440000 
0.000000 -0.000200 -0.365800 -0.392200 -0.758200 
0.000000 0.000000 669.430725 717.235229 1386.666016 
0.000000 0.000000 0.000000 1.342590 1.342651 

結果
x[1] = 1.000012
x[2] = 1.000000
x[3] = 0.999951
x[4] = 1.000045
